{
 "cells": [
  {
   "cell_type": "markdown",
   "metadata": {},
   "source": [
    "# Simulated Annealing"
   ]
  },
  {
   "cell_type": "markdown",
   "metadata": {},
   "source": [
    "1) Why is it a bad idea to reject all the worse solutions?"
   ]
  },
  {
   "cell_type": "code",
   "execution_count": null,
   "metadata": {},
   "outputs": [],
   "source": []
  },
  {
   "cell_type": "markdown",
   "metadata": {},
   "source": [
    "2) Where do we want to accept worse solution?"
   ]
  },
  {
   "cell_type": "code",
   "execution_count": null,
   "metadata": {},
   "outputs": [],
   "source": []
  },
  {
   "cell_type": "markdown",
   "metadata": {},
   "source": [
    "3) Where do we not want to accept worse solution?"
   ]
  },
  {
   "cell_type": "code",
   "execution_count": null,
   "metadata": {},
   "outputs": [],
   "source": []
  },
  {
   "cell_type": "markdown",
   "metadata": {},
   "source": [
    "4) What is the relation between Temperature and the probability of accepting worse solution?"
   ]
  },
  {
   "cell_type": "code",
   "execution_count": null,
   "metadata": {},
   "outputs": [],
   "source": []
  },
  {
   "cell_type": "markdown",
   "metadata": {},
   "source": [
    "5) When do we want the temperate to be high and when do we want temperature to be low?"
   ]
  },
  {
   "cell_type": "code",
   "execution_count": null,
   "metadata": {},
   "outputs": [],
   "source": []
  },
  {
   "cell_type": "markdown",
   "metadata": {},
   "source": [
    "6) What's wrong if the temperature decrease too fast?"
   ]
  },
  {
   "cell_type": "code",
   "execution_count": null,
   "metadata": {},
   "outputs": [],
   "source": []
  },
  {
   "cell_type": "markdown",
   "metadata": {},
   "source": [
    "7) What's wrong if the temperature decrease too slow?"
   ]
  },
  {
   "cell_type": "code",
   "execution_count": null,
   "metadata": {},
   "outputs": [],
   "source": []
  },
  {
   "cell_type": "markdown",
   "metadata": {},
   "source": [
    "## Let's put that to practice"
   ]
  },
  {
   "cell_type": "markdown",
   "metadata": {},
   "source": [
    "Consider Travelling Salesman Problem (TSP)\n",
    "\n",
    "The goal is to travel to all the cities with minimal costs. The cost for travelling from city `i` to city `j` is given by `ticket[i,j]`. Find an optimized travel route."
   ]
  },
  {
   "cell_type": "code",
   "execution_count": 5,
   "metadata": {},
   "outputs": [
    {
     "data": {
      "text/plain": [
       "array([[0.        , 0.97417753, 0.34365233, 0.75316351, 0.82849006,\n",
       "        0.3370791 , 0.55885819, 0.56409646, 0.28688931, 1.61379326,\n",
       "        0.98516072, 0.31579159, 0.47443657, 1.01570556, 1.067745  ,\n",
       "        0.74275445, 1.70242009, 0.82137749, 1.28622862, 1.53444689,\n",
       "        0.99467667, 0.86917666, 0.32136265, 0.3554185 , 0.16401985,\n",
       "        0.63688711, 0.45681287, 1.97006084, 1.10878829, 1.41923812],\n",
       "       [0.97417753, 0.        , 0.77072218, 1.50958728, 0.86592633,\n",
       "        0.9519609 , 0.30794201, 1.12912368, 1.05227169, 1.03600802,\n",
       "        0.89689591, 1.11402463, 1.73432269, 1.2308582 , 1.43063494,\n",
       "        0.51286489, 1.25871863, 1.29850027, 0.57009846, 0.77828964,\n",
       "        0.37797189, 0.8625058 , 0.86229558, 1.09128104, 0.87943206,\n",
       "        0.6245862 , 0.63605831, 1.11936051, 0.55781247, 0.18957476],\n",
       "       [0.34365233, 0.77072218, 0.        , 0.80174869, 0.75584636,\n",
       "        0.50778729, 1.61798737, 0.66838211, 0.48042022, 1.37912647,\n",
       "        0.15862821, 1.89979242, 1.04704588, 1.73436872, 0.92896824,\n",
       "        1.35043299, 1.27836058, 0.99027653, 0.76514141, 1.61233681,\n",
       "        0.07688382, 0.78794826, 0.91020692, 0.9656998 , 1.23538464,\n",
       "        0.67773565, 0.3846544 , 0.79910381, 0.52469012, 1.4367983 ],\n",
       "       [0.75316351, 1.50958728, 0.80174869, 0.        , 0.74418367,\n",
       "        1.40310739, 0.75810487, 1.65833775, 1.18664439, 1.30163449,\n",
       "        1.66298379, 0.35881863, 1.3662132 , 0.6865057 , 0.23450726,\n",
       "        1.18762217, 1.03866208, 0.82773206, 1.19522685, 1.49333601,\n",
       "        0.99089977, 1.19535254, 1.12818496, 1.18376652, 0.31842514,\n",
       "        0.37772656, 1.28572953, 0.59335484, 1.87583924, 1.49884065],\n",
       "       [0.82849006, 0.86592633, 0.75584636, 0.74418367, 0.        ,\n",
       "        1.05246653, 0.94823387, 1.11881   , 1.06290079, 1.62693846,\n",
       "        0.94563255, 1.1790369 , 0.89117013, 0.81105778, 0.65127629,\n",
       "        0.65099156, 0.60800274, 1.37913974, 1.03631386, 0.38247096,\n",
       "        1.12015623, 0.85278669, 1.69633196, 0.24780768, 0.77261214,\n",
       "        1.43833219, 1.07126961, 1.08150032, 1.38077679, 1.63951328],\n",
       "       [0.3370791 , 0.9519609 , 0.50778729, 1.40310739, 1.05246653,\n",
       "        0.        , 0.21737732, 0.72150708, 0.14057545, 0.27875093,\n",
       "        1.59590742, 1.54334593, 0.91841247, 1.63590064, 1.02034623,\n",
       "        1.33738758, 0.82042172, 0.11957492, 1.31550934, 1.0119489 ,\n",
       "        1.35415953, 1.73125233, 1.04227726, 1.55128015, 0.57437452,\n",
       "        0.99816968, 0.78335838, 0.72914535, 1.21087703, 0.12287032],\n",
       "       [0.55885819, 0.30794201, 1.61798737, 0.75810487, 0.94823387,\n",
       "        0.21737732, 0.        , 1.87233679, 0.43021129, 0.49733799,\n",
       "        0.54009536, 0.73891594, 0.80109249, 0.89841521, 1.30063096,\n",
       "        0.93132496, 0.39507489, 0.37635463, 0.16085283, 0.7339426 ,\n",
       "        1.30306834, 0.80375018, 1.70819566, 0.66276466, 1.66338141,\n",
       "        1.07954595, 1.39596252, 1.05788934, 1.50654961, 0.56199796],\n",
       "       [0.56409646, 1.12912368, 0.66838211, 1.65833775, 1.11881   ,\n",
       "        0.72150708, 1.87233679, 0.        , 1.36098775, 1.81182283,\n",
       "        1.37880037, 1.72750456, 0.23977508, 1.2418036 , 1.64014779,\n",
       "        1.42420621, 1.1894569 , 1.08060893, 1.13260529, 1.26757625,\n",
       "        0.96841959, 1.63188369, 1.52096324, 1.61377863, 0.89155512,\n",
       "        1.07838222, 1.40704946, 0.48890804, 1.33667983, 0.60331035],\n",
       "       [0.28688931, 1.05227169, 0.48042022, 1.18664439, 1.06290079,\n",
       "        0.14057545, 0.43021129, 1.36098775, 0.        , 0.8870754 ,\n",
       "        1.12130323, 1.62390562, 0.48558887, 0.90740747, 1.03004025,\n",
       "        0.54500181, 0.97302601, 0.4581376 , 0.61587516, 1.16273167,\n",
       "        0.4544694 , 0.98287779, 0.82137485, 1.20218488, 0.957832  ,\n",
       "        1.08579396, 0.37847434, 1.17632751, 0.41709761, 1.59354345],\n",
       "       [1.61379326, 1.03600802, 1.37912647, 1.30163449, 1.62693846,\n",
       "        0.27875093, 0.49733799, 1.81182283, 0.8870754 , 0.        ,\n",
       "        1.28407774, 1.38370831, 1.00829073, 0.91382549, 0.6270662 ,\n",
       "        0.34255728, 0.65918383, 1.54636825, 1.1897669 , 1.21517084,\n",
       "        0.59768423, 0.45208436, 1.55237977, 1.28503998, 0.92329618,\n",
       "        1.50218231, 1.14546588, 1.34460416, 1.72576695, 1.56636999],\n",
       "       [0.98516072, 0.89689591, 0.15862821, 1.66298379, 0.94563255,\n",
       "        1.59590742, 0.54009536, 1.37880037, 1.12130323, 1.28407774,\n",
       "        0.        , 0.18199572, 0.77767211, 1.14064195, 0.51612679,\n",
       "        1.13051301, 0.78122685, 1.3942398 , 1.87497538, 0.90325824,\n",
       "        1.05636002, 0.87105958, 1.08390118, 1.02727945, 1.04657668,\n",
       "        1.6659229 , 1.2198409 , 0.75245323, 0.24842129, 1.31414064],\n",
       "       [0.31579159, 1.11402463, 1.89979242, 0.35881863, 1.1790369 ,\n",
       "        1.54334593, 0.73891594, 1.72750456, 1.62390562, 1.38370831,\n",
       "        0.18199572, 0.        , 0.73686849, 0.63130883, 0.93312255,\n",
       "        1.02244075, 1.48913831, 0.71890933, 1.67133491, 1.27381838,\n",
       "        1.50607054, 1.0020226 , 0.82983211, 0.83160669, 0.39161497,\n",
       "        0.40300073, 0.52090781, 1.00294385, 0.71026371, 1.10156362],\n",
       "       [0.47443657, 1.73432269, 1.04704588, 1.3662132 , 0.89117013,\n",
       "        0.91841247, 0.80109249, 0.23977508, 0.48558887, 1.00829073,\n",
       "        0.77767211, 0.73686849, 0.        , 0.67726202, 1.06669842,\n",
       "        0.56441974, 0.53109022, 1.2804147 , 1.6307155 , 1.814516  ,\n",
       "        1.0457103 , 1.1693941 , 0.81823674, 1.14299202, 0.9695983 ,\n",
       "        0.46972866, 1.63143572, 0.74060707, 1.56275701, 0.67129006],\n",
       "       [1.01570556, 1.2308582 , 1.73436872, 0.6865057 , 0.81105778,\n",
       "        1.63590064, 0.89841521, 1.2418036 , 0.90740747, 0.91382549,\n",
       "        1.14064195, 0.63130883, 0.67726202, 0.        , 0.98401646,\n",
       "        0.47428596, 0.51492559, 0.69271753, 1.56933494, 0.75280914,\n",
       "        1.10505509, 1.02663796, 1.42484297, 0.84490894, 0.02866631,\n",
       "        0.65622681, 0.59159839, 0.40608676, 1.22545017, 0.60339231],\n",
       "       [1.067745  , 1.43063494, 0.92896824, 0.23450726, 0.65127629,\n",
       "        1.02034623, 1.30063096, 1.64014779, 1.03004025, 0.6270662 ,\n",
       "        0.51612679, 0.93312255, 1.06669842, 0.98401646, 0.        ,\n",
       "        0.96818617, 0.63586345, 0.66880458, 0.36591271, 0.84528031,\n",
       "        0.8445268 , 1.25704514, 0.76737666, 1.37155393, 0.46183912,\n",
       "        1.21850543, 0.67355982, 0.7929358 , 0.89068331, 0.8847162 ],\n",
       "       [0.74275445, 0.51286489, 1.35043299, 1.18762217, 0.65099156,\n",
       "        1.33738758, 0.93132496, 1.42420621, 0.54500181, 0.34255728,\n",
       "        1.13051301, 1.02244075, 0.56441974, 0.47428596, 0.96818617,\n",
       "        0.        , 1.03810631, 0.95840041, 0.73595357, 0.90421584,\n",
       "        1.04395628, 0.63619658, 1.09424008, 1.25528247, 1.83925662,\n",
       "        1.17442518, 1.81750968, 0.71988401, 0.8317332 , 0.93601457],\n",
       "       [1.70242009, 1.25871863, 1.27836058, 1.03866208, 0.60800274,\n",
       "        0.82042172, 0.39507489, 1.1894569 , 0.97302601, 0.65918383,\n",
       "        0.78122685, 1.48913831, 0.53109022, 0.51492559, 0.63586345,\n",
       "        1.03810631, 0.        , 1.18130867, 1.19382085, 0.70378705,\n",
       "        0.38683822, 1.31160614, 1.10187846, 0.79096861, 1.66774467,\n",
       "        0.10335941, 1.24137168, 1.03543432, 1.45338069, 0.82924283],\n",
       "       [0.82137749, 1.29850027, 0.99027653, 0.82773206, 1.37913974,\n",
       "        0.11957492, 0.37635463, 1.08060893, 0.4581376 , 1.54636825,\n",
       "        1.3942398 , 0.71890933, 1.2804147 , 0.69271753, 0.66880458,\n",
       "        0.95840041, 1.18130867, 0.        , 1.07669105, 1.12400133,\n",
       "        1.11770848, 0.58626309, 1.21948656, 1.57178088, 1.2587438 ,\n",
       "        0.72573274, 1.39109892, 1.2112236 , 0.84602132, 0.90024109],\n",
       "       [1.28622862, 0.57009846, 0.76514141, 1.19522685, 1.03631386,\n",
       "        1.31550934, 0.16085283, 1.13260529, 0.61587516, 1.1897669 ,\n",
       "        1.87497538, 1.67133491, 1.6307155 , 1.56933494, 0.36591271,\n",
       "        0.73595357, 1.19382085, 1.07669105, 0.        , 1.67056454,\n",
       "        1.458782  , 0.59189853, 1.61751072, 0.08765276, 0.14607092,\n",
       "        0.43797258, 1.37332421, 1.11352424, 1.1457369 , 1.0044646 ],\n",
       "       [1.53444689, 0.77828964, 1.61233681, 1.49333601, 0.38247096,\n",
       "        1.0119489 , 0.7339426 , 1.26757625, 1.16273167, 1.21517084,\n",
       "        0.90325824, 1.27381838, 1.814516  , 0.75280914, 0.84528031,\n",
       "        0.90421584, 0.70378705, 1.12400133, 1.67056454, 0.        ,\n",
       "        1.65248494, 1.2225801 , 1.34099539, 0.20646845, 1.1779166 ,\n",
       "        0.90563564, 1.43474455, 0.25493366, 0.64310286, 0.38189375],\n",
       "       [0.99467667, 0.37797189, 0.07688382, 0.99089977, 1.12015623,\n",
       "        1.35415953, 1.30306834, 0.96841959, 0.4544694 , 0.59768423,\n",
       "        1.05636002, 1.50607054, 1.0457103 , 1.10505509, 0.8445268 ,\n",
       "        1.04395628, 0.38683822, 1.11770848, 1.458782  , 1.65248494,\n",
       "        0.        , 0.84415301, 0.43163552, 0.6238847 , 1.36972559,\n",
       "        0.49118272, 1.05269283, 1.20919465, 1.12270452, 1.55391291],\n",
       "       [0.86917666, 0.8625058 , 0.78794826, 1.19535254, 0.85278669,\n",
       "        1.73125233, 0.80375018, 1.63188369, 0.98287779, 0.45208436,\n",
       "        0.87105958, 1.0020226 , 1.1693941 , 1.02663796, 1.25704514,\n",
       "        0.63619658, 1.31160614, 0.58626309, 0.59189853, 1.2225801 ,\n",
       "        0.84415301, 0.        , 0.68413491, 1.66698513, 0.97184367,\n",
       "        0.95459853, 1.43947822, 0.75977787, 1.10315334, 0.17648908],\n",
       "       [0.32136265, 0.86229558, 0.91020692, 1.12818496, 1.69633196,\n",
       "        1.04227726, 1.70819566, 1.52096324, 0.82137485, 1.55237977,\n",
       "        1.08390118, 0.82983211, 0.81823674, 1.42484297, 0.76737666,\n",
       "        1.09424008, 1.10187846, 1.21948656, 1.61751072, 1.34099539,\n",
       "        0.43163552, 0.68413491, 0.        , 0.93826654, 1.00287125,\n",
       "        0.59066844, 1.00092853, 1.4019315 , 1.1269577 , 0.2625736 ],\n",
       "       [0.3554185 , 1.09128104, 0.9656998 , 1.18376652, 0.24780768,\n",
       "        1.55128015, 0.66276466, 1.61377863, 1.20218488, 1.28503998,\n",
       "        1.02727945, 0.83160669, 1.14299202, 0.84490894, 1.37155393,\n",
       "        1.25528247, 0.79096861, 1.57178088, 0.08765276, 0.20646845,\n",
       "        0.6238847 , 1.66698513, 0.93826654, 0.        , 1.04646157,\n",
       "        0.96367939, 0.80326112, 1.10023506, 0.99414792, 1.7370744 ],\n",
       "       [0.16401985, 0.87943206, 1.23538464, 0.31842514, 0.77261214,\n",
       "        0.57437452, 1.66338141, 0.89155512, 0.957832  , 0.92329618,\n",
       "        1.04657668, 0.39161497, 0.9695983 , 0.02866631, 0.46183912,\n",
       "        1.83925662, 1.66774467, 1.2587438 , 0.14607092, 1.1779166 ,\n",
       "        1.36972559, 0.97184367, 1.00287125, 1.04646157, 0.        ,\n",
       "        1.19266284, 0.56766549, 1.07427125, 0.65207816, 1.08521571],\n",
       "       [0.63688711, 0.6245862 , 0.67773565, 0.37772656, 1.43833219,\n",
       "        0.99816968, 1.07954595, 1.07838222, 1.08579396, 1.50218231,\n",
       "        1.6659229 , 0.40300073, 0.46972866, 0.65622681, 1.21850543,\n",
       "        1.17442518, 0.10335941, 0.72573274, 0.43797258, 0.90563564,\n",
       "        0.49118272, 0.95459853, 0.59066844, 0.96367939, 1.19266284,\n",
       "        0.        , 0.40664723, 0.46559263, 0.38492821, 1.5674193 ],\n",
       "       [0.45681287, 0.63605831, 0.3846544 , 1.28572953, 1.07126961,\n",
       "        0.78335838, 1.39596252, 1.40704946, 0.37847434, 1.14546588,\n",
       "        1.2198409 , 0.52090781, 1.63143572, 0.59159839, 0.67355982,\n",
       "        1.81750968, 1.24137168, 1.39109892, 1.37332421, 1.43474455,\n",
       "        1.05269283, 1.43947822, 1.00092853, 0.80326112, 0.56766549,\n",
       "        0.40664723, 0.        , 1.23236213, 1.44558834, 1.07483173],\n",
       "       [1.97006084, 1.11936051, 0.79910381, 0.59335484, 1.08150032,\n",
       "        0.72914535, 1.05788934, 0.48890804, 1.17632751, 1.34460416,\n",
       "        0.75245323, 1.00294385, 0.74060707, 0.40608676, 0.7929358 ,\n",
       "        0.71988401, 1.03543432, 1.2112236 , 1.11352424, 0.25493366,\n",
       "        1.20919465, 0.75977787, 1.4019315 , 1.10023506, 1.07427125,\n",
       "        0.46559263, 1.23236213, 0.        , 0.73718353, 0.46959541],\n",
       "       [1.10878829, 0.55781247, 0.52469012, 1.87583924, 1.38077679,\n",
       "        1.21087703, 1.50654961, 1.33667983, 0.41709761, 1.72576695,\n",
       "        0.24842129, 0.71026371, 1.56275701, 1.22545017, 0.89068331,\n",
       "        0.8317332 , 1.45338069, 0.84602132, 1.1457369 , 0.64310286,\n",
       "        1.12270452, 1.10315334, 1.1269577 , 0.99414792, 0.65207816,\n",
       "        0.38492821, 1.44558834, 0.73718353, 0.        , 1.39791285],\n",
       "       [1.41923812, 0.18957476, 1.4367983 , 1.49884065, 1.63951328,\n",
       "        0.12287032, 0.56199796, 0.60331035, 1.59354345, 1.56636999,\n",
       "        1.31414064, 1.10156362, 0.67129006, 0.60339231, 0.8847162 ,\n",
       "        0.93601457, 0.82924283, 0.90024109, 1.0044646 , 0.38189375,\n",
       "        1.55391291, 0.17648908, 0.2625736 , 1.7370744 , 1.08521571,\n",
       "        1.5674193 , 1.07483173, 0.46959541, 1.39791285, 0.        ]])"
      ]
     },
     "execution_count": 5,
     "metadata": {},
     "output_type": "execute_result"
    }
   ],
   "source": [
    "import numpy as np\n",
    "np.random.seed(333)\n",
    "ticket = np.random.rand(30,30)*2\n",
    "ticket = (ticket + ticket.T)/2\n",
    "np.fill_diagonal(ticket, 0)\n",
    "ticket"
   ]
  },
  {
   "cell_type": "code",
   "execution_count": 32,
   "metadata": {},
   "outputs": [],
   "source": [
    "\n",
    "def cost(tp):\n",
    "    s = 0\n",
    "    for i in range(len(tp)-1):\n",
    "        s += ticket[tp[i],tp[i+1]]\n",
    "    return s\n",
    "    \n",
    "def perturb(tp):\n",
    "    ret = [c for c in tp]\n",
    "    i1 = np.random.randint(len(tp))\n",
    "    i2 = np.random.randint(len(tp))\n",
    "    ret[i1] = tp[i2]\n",
    "    ret[i2] = tp[i1]\n",
    "    return ret"
   ]
  },
  {
   "cell_type": "code",
   "execution_count": 113,
   "metadata": {},
   "outputs": [
    {
     "name": "stdout",
     "output_type": "stream",
     "text": [
      "0 28.00839158313027 28.506664113273633\n",
      "1000 12.392253412902333 13.108039784836338\n",
      "2000 12.339917866630545 15.169417925397914\n",
      "3000 12.339917866630545 12.339917866630545\n",
      "4000 12.339917866630545 14.791055815305997\n",
      "5000 12.339917866630545 13.373369452812662\n",
      "6000 12.339917866630545 14.106342094306388\n",
      "7000 12.339917866630545 14.195702794159219\n",
      "8000 12.339917866630545 15.488842364839158\n",
      "9000 12.339917866630545 14.203230520709079\n",
      "10000 12.339917866630545 14.905183226565454\n",
      "11000 12.339917866630545 12.424417273902348\n",
      "12000 12.339917866630545 14.043830846914805\n",
      "13000 12.339917866630545 15.325195095338485\n",
      "14000 12.339917866630545 14.464454464290535\n",
      "15000 12.339917866630545 14.288603811051845\n",
      "16000 12.339917866630545 13.2603632878201\n",
      "17000 12.339917866630545 14.756469419417728\n",
      "18000 12.339917866630545 15.05642842858673\n",
      "19000 12.339917866630545 13.883921734021651\n",
      "20000 12.339917866630545 15.924089907456857\n",
      "21000 12.339917866630545 14.738032733246271\n",
      "22000 12.339917866630545 15.031042123308856\n",
      "23000 12.339917866630545 15.012776856215952\n",
      "24000 12.339917866630545 15.064556365348755\n",
      "25000 12.339917866630545 15.4564191915809\n",
      "26000 12.339917866630545 14.666123090987659\n",
      "27000 12.339917866630545 13.120448618456338\n",
      "28000 12.339917866630545 14.169255135170326\n",
      "29000 12.339917866630545 16.62049357580982\n",
      "30000 12.339917866630545 13.845449440160822\n",
      "31000 12.339917866630545 15.42901109496835\n",
      "32000 12.339917866630545 14.113552819551371\n",
      "33000 12.339917866630545 12.779657833355861\n",
      "34000 12.339917866630545 14.48412591397634\n",
      "35000 12.339917866630545 13.120448618456338\n",
      "36000 12.339917866630545 15.113850104835864\n",
      "37000 12.339917866630545 15.065241660401908\n",
      "38000 12.339917866630545 12.387430871399465\n",
      "39000 12.339917866630545 15.05688817057484\n",
      "40000 12.339917866630545 14.113552819551371\n",
      "41000 12.339917866630545 15.348371544124408\n",
      "42000 12.339917866630545 12.392253412902333\n",
      "43000 12.339917866630545 14.794156879181722\n",
      "44000 12.339917866630545 15.499696120750603\n",
      "45000 12.339917866630545 15.244152828204466\n",
      "46000 12.339917866630545 13.916011845845711\n",
      "47000 12.339917866630545 13.696549135285588\n",
      "48000 12.339917866630545 12.87498117603284\n",
      "49000 12.339917866630545 14.451177414234175\n",
      "50000 12.339917866630545 14.63059997950417\n",
      "51000 12.339917866630545 12.339917866630545\n",
      "52000 12.339917866630545 14.625103978114346\n",
      "53000 12.339917866630545 12.983565264338155\n",
      "54000 12.339917866630545 14.198363866964492\n",
      "55000 12.339917866630545 16.22127118697299\n",
      "56000 12.339917866630545 12.712752222317553\n",
      "57000 12.339917866630545 15.960411649878322\n",
      "58000 12.339917866630545 14.58807479809162\n",
      "59000 12.339917866630545 15.097387592343521\n",
      "60000 12.339917866630545 12.551980006812004\n",
      "61000 12.339917866630545 13.145586814966716\n",
      "62000 12.339917866630545 15.991898274912726\n",
      "63000 12.339917866630545 15.991898274912726\n",
      "64000 12.339917866630545 14.492527606981263\n",
      "65000 12.339917866630545 15.008885103278304\n",
      "66000 12.339917866630545 14.79946437003226\n",
      "67000 12.339917866630545 14.41952221273194\n",
      "68000 12.339917866630545 14.597561825273337\n",
      "69000 12.339917866630545 13.845851837610034\n",
      "70000 12.339917866630545 14.339278841336979\n",
      "71000 12.339917866630545 14.37794638359871\n",
      "72000 12.339917866630545 12.853961768341518\n",
      "73000 12.339917866630545 14.964091252804545\n",
      "74000 12.339917866630545 15.259247831791642\n",
      "75000 12.339917866630545 14.088419571852887\n",
      "76000 12.339917866630545 12.392253412902333\n",
      "77000 12.339917866630545 12.93553212870499\n",
      "78000 12.339917866630545 15.20898205881912\n",
      "79000 12.339917866630545 14.811402193186593\n",
      "80000 12.339917866630545 13.9680672007706\n",
      "81000 12.339917866630545 14.112353388532132\n",
      "82000 12.339917866630545 13.702981562533012\n",
      "83000 12.339917866630545 15.444809554751014\n",
      "84000 12.339917866630545 14.262490741475032\n",
      "85000 12.339917866630545 14.532242319479932\n",
      "86000 12.339917866630545 16.106396400238072\n",
      "87000 12.339917866630545 14.794156879181722\n",
      "88000 12.339917866630545 13.930296387097394\n",
      "89000 12.339917866630545 13.936877148619155\n",
      "90000 12.339917866630545 13.28743540607899\n",
      "91000 12.339917866630545 12.983565264338155\n",
      "92000 12.339917866630545 12.339917866630545\n",
      "93000 12.339917866630545 15.067992336398685\n",
      "94000 12.339917866630545 15.344952621341344\n",
      "95000 12.339917866630545 14.889905190447996\n",
      "96000 12.339917866630545 15.312201846106904\n",
      "97000 12.339917866630545 14.964091252804545\n",
      "98000 12.339917866630545 14.154244881801015\n",
      "99000 12.339917866630545 14.3496418400838\n"
     ]
    }
   ],
   "source": [
    "# pure greedy\n",
    "# np.random.seed(22)\n",
    "current_tp = list(range(30))\n",
    "current_cost = cost(current_tp)\n",
    "for i in range(100000):\n",
    "    test_tp = perturb(current_tp)\n",
    "    test_cost = cost(test_tp)\n",
    "    if test_cost < current_cost:\n",
    "        #print('aahhhh')\n",
    "        current_tp = test_tp\n",
    "        current_cost = test_cost\n",
    "    if i%1000 == 0:\n",
    "        print(i, current_cost, test_cost)\n",
    "    "
   ]
  },
  {
   "cell_type": "code",
   "execution_count": 112,
   "metadata": {},
   "outputs": [
    {
     "name": "stdout",
     "output_type": "stream",
     "text": [
      "0 28.00839158313027 28.64519405433439 0.8962840235449102\n",
      "1000 23.46960339700578 25.86623700362371 0.8525717359058094\n",
      "2000 25.14196390818278 26.972918110895094 0.8109913216912578\n",
      "3000 22.3011301014478 22.376640660326505 0.7714388082074486\n",
      "4000 23.81079575247911 26.06226696557573 0.7338152935686879\n",
      "5000 20.343569083152435 20.343569083152435 0.6980266993911656\n",
      "6000 20.95461507398573 21.91229248554943 0.6639835355479913\n",
      "7000 20.464900858631548 21.366822934414305 0.6316006763972651\n",
      "8000 24.625784783170882 26.33925110453362 0.6007971479236323\n",
      "9000 21.30429137224634 22.027760585439367 0.5714959252610671\n",
      "10000 22.709219131376457 22.709219131376457 0.5436237400905879\n",
      "11000 22.400874077597116 23.490566436236055 0.5171108974312956\n",
      "12000 19.308726015728233 19.853697227099815 0.4918911013666191\n",
      "13000 17.313241622335216 17.313241622335216 0.46790128926999147\n",
      "14000 19.794095750717023 20.69995239273249 0.4450814741154361\n",
      "15000 20.471776478491385 21.649099081721022 0.4233745944787557\n",
      "16000 18.833272239152407 19.141430202846372 0.4027263718542499\n",
      "17000 16.772915646194406 17.881019728428093 0.38308517493017874\n",
      "18000 17.255225895792687 19.22095914168721 0.3644018904835893\n",
      "19000 19.7280022821429 22.477886714873023 0.34662980057167686\n",
      "20000 16.688972085542662 18.155103472683617 0.32972446571259345\n",
      "21000 16.35690554750695 17.76449145944163 0.3136436137635956\n",
      "22000 16.19151510601844 19.936059890722067 0.2983470342186693\n",
      "23000 17.172829500646138 18.79735123579931 0.2837964776613197\n",
      "24000 14.66065870625126 16.68822350508081 0.26995556012110683\n",
      "25000 16.256886204721418 17.904455592921558 0.25678967209476833\n",
      "26000 15.494511300490771 17.676470962124206 0.24426589200443355\n",
      "27000 13.910948521615888 15.30812511971913 0.23235290387653088\n",
      "28000 13.003048485832728 15.97429274480556 0.22102091903554222\n",
      "29000 12.087581859144667 12.951948867555512 0.2102416016167977\n",
      "30000 12.189477451536948 14.90448589269429 0.19998799771205486\n",
      "31000 11.756567722715952 13.478155523609102 0.19023446797068805\n",
      "32000 12.132048512306298 14.373009882841988 0.1809566234879571\n",
      "33000 12.720577109763248 13.829740246678245 0.17213126482004185\n",
      "34000 11.981712782685882 13.592815352556798 0.16373632397334842\n",
      "35000 14.296935209029545 17.92830626533402 0.15575080922303067\n",
      "36000 12.73035589009779 15.614994415251171 0.14815475262274394\n",
      "37000 12.123716672893863 15.359102795869884 0.14092916007437836\n",
      "38000 12.331042429969616 16.244118861396363 0.13405596383291996\n",
      "39000 12.235077978913402 15.06591127696355 0.127517977327677\n",
      "40000 11.638068383615941 13.663861556130662 0.12129885218690127\n",
      "41000 12.154315313451768 12.746888965084512 0.11538303735834328\n",
      "42000 10.321044428405756 13.89480539661869 0.10975574022352125\n",
      "43000 10.267040444415827 12.284504381798122 0.10440288960847\n",
      "44000 10.267040444415827 13.002765703023329 0.09931110059847646\n",
      "45000 10.367002837859665 11.532430736038435 0.09446764106882129\n",
      "46000 10.267040444415827 13.021630790867107 0.08986039984783491\n",
      "47000 10.321044428405756 12.81237803822524 0.08547785643266004\n",
      "48000 10.267040444415827 12.738524770971875 0.08130905218199387\n",
      "49000 10.267040444415827 11.573311920720123 0.07734356291377653\n",
      "50000 10.321044428405756 12.688341970184084 0.07357147283930643\n",
      "51000 10.267040444415827 12.360181431487128 0.06998334976860338\n",
      "52000 10.267040444415827 10.267040444415827 0.06657022152502075\n",
      "53000 10.321044428405756 13.351722585346678 0.06332355351013055\n",
      "54000 10.267040444415827 11.51188334028192 0.06023522736278163\n",
      "55000 10.267040444415827 10.267040444415827 0.05729752065896844\n",
      "56000 10.267040444415827 12.183860822223277 0.05450308760174833\n",
      "57000 10.267040444415827 12.36227925704156 0.051844940652923055\n",
      "58000 10.321044428405756 13.510142366640569 0.04931643306055367\n",
      "59000 10.267040444415827 10.267040444415827 0.04691124223861844\n",
      "60000 10.267040444415827 13.220418027188899 0.04462335395725462\n",
      "61000 10.267040444415827 11.577534586698391 0.04244704730405098\n",
      "62000 10.267040444415827 13.129745593942475 0.040376880378786985\n",
      "63000 10.267040444415827 12.342970781271447 0.03840767668584773\n",
      "64000 10.267040444415827 14.224958606006876 0.036534512190288415\n",
      "65000 10.267040444415827 13.354389817922812 0.03475270300518237\n",
      "66000 10.267040444415827 10.610299269079217 0.03305779367946387\n",
      "67000 10.267040444415827 11.51188334028192 0.03144554605697975\n",
      "68000 10.321044428405756 10.970529664371558 0.029911928678891544\n",
      "69000 10.267040444415827 11.912329798101794 0.028453106702928402\n",
      "70000 10.321044428405756 12.438476294292432 0.027065432314283995\n",
      "71000 10.267040444415827 12.322240168059626 0.025745435604179398\n",
      "72000 10.267040444415827 11.912329798101794 0.024489815893283754\n",
      "73000 10.267040444415827 13.44530433006365 0.02329543347829675\n",
      "74000 10.267040444415827 13.283724978001715 0.02215930178105488\n",
      "75000 10.267040444415827 12.179122521952618 0.021078579880530482\n",
      "76000 10.267040444415827 12.080367317722612 0.020050565409049346\n",
      "77000 10.267040444415827 12.57040275703795 0.019072687794963926\n",
      "78000 10.267040444415827 13.098823924225059 0.01814250183488533\n",
      "79000 10.267040444415827 11.408205777424495 0.017257681579401114\n",
      "80000 10.267040444415827 13.881453552936815 0.016416014516990297\n",
      "81000 10.267040444415827 12.975269982318181 0.015615396041592051\n",
      "82000 10.267040444415827 13.220418027188899 0.01485382418999434\n",
      "83000 10.267040444415827 10.6836279226875 0.01412939463588309\n",
      "84000 10.267040444415827 12.898263321687711 0.013440295928034548\n",
      "85000 10.267040444415827 12.432339224308183 0.012784804960743596\n",
      "86000 10.321044428405756 12.092135296521722 0.012161282665162006\n",
      "87000 10.267040444415827 10.267040444415827 0.011568169910772565\n",
      "88000 10.267040444415827 13.998400876295953 0.011003983606750655\n",
      "89000 10.267040444415827 12.057495737860016 0.01046731299346472\n",
      "90000 10.267040444415827 12.379648758660444 0.009956816114842294\n",
      "91000 10.267040444415827 11.070100286914503 0.009471216462780872\n",
      "92000 10.267040444415827 12.5304269844179 0.009009299785212739\n",
      "93000 10.267040444415827 12.174850314530055 0.008569911049842314\n",
      "94000 10.267040444415827 12.510161418613652 0.008151951555963814\n",
      "95000 10.267040444415827 13.54245048521975 0.007754376187137161\n",
      "96000 10.267040444415827 11.125978988072522 0.007376190797852524\n",
      "97000 10.267040444415827 12.101287348765588 0.00701644972764872\n",
      "98000 10.267040444415827 12.262318856199784 0.006674253436469479\n",
      "99000 10.267040444415827 13.248163681673052 0.006348746255344776\n",
      "10.267040444415827\n"
     ]
    }
   ],
   "source": [
    "current_tp = list(range(30))\n",
    "current_cost = cost(current_tp)\n",
    "n_iter = 100000\n",
    "T_0 = -0.2 / np.log(0.8)\n",
    "temperature = T_0\n",
    "dt = temperature/n_iter\n",
    "for i in range(n_iter):\n",
    "    test_tp = perturb(current_tp)\n",
    "    test_cost = cost(test_tp)\n",
    "    if test_cost < current_cost:\n",
    "        #print('aahhhh')\n",
    "        current_tp = test_tp\n",
    "        current_cost = test_cost\n",
    "    else:\n",
    "        x = np.random.random()\n",
    "        p = np.exp((current_cost-test_cost)/temperature)\n",
    "        #print(p)\n",
    "        if x < p:\n",
    "            current_tp = test_tp\n",
    "            current_cost = test_cost\n",
    "\n",
    "    temperature = max(T_0*np.exp(-5*i/n_iter),0)\n",
    "    \n",
    "    if i%1000 == 0:\n",
    "        print(i, current_cost, test_cost, temperature)\n",
    "print(current_cost)"
   ]
  },
  {
   "cell_type": "code",
   "execution_count": null,
   "metadata": {},
   "outputs": [],
   "source": [
    "0.8 = exp(-2 /T)"
   ]
  },
  {
   "cell_type": "code",
   "execution_count": 53,
   "metadata": {},
   "outputs": [
    {
     "data": {
      "text/plain": [
       "18.98244316205981"
      ]
     },
     "execution_count": 53,
     "metadata": {},
     "output_type": "execute_result"
    }
   ],
   "source": [
    "-2/np.log(0.9)"
   ]
  },
  {
   "cell_type": "markdown",
   "metadata": {},
   "source": [
    "## Genetic Algorithm"
   ]
  },
  {
   "cell_type": "markdown",
   "metadata": {},
   "source": [
    "## 1) Summarize the basic idea here"
   ]
  },
  {
   "cell_type": "code",
   "execution_count": null,
   "metadata": {},
   "outputs": [],
   "source": []
  },
  {
   "cell_type": "markdown",
   "metadata": {},
   "source": [
    "# Knapsack Problem"
   ]
  },
  {
   "cell_type": "code",
   "execution_count": 18,
   "metadata": {},
   "outputs": [],
   "source": [
    "np.random.seed(888)\n",
    "\n",
    "w = np.random.random(30)\n",
    "v = np.random.random(30)\n",
    "\n",
    "max_w = 10"
   ]
  },
  {
   "cell_type": "code",
   "execution_count": 21,
   "metadata": {},
   "outputs": [],
   "source": [
    "def fit_to_constrain(sol):\n",
    "    tmp = sol.copy()\n",
    "    while max_w < sum(w*tmp):\n",
    "        i = np.random.randint(len(tmp))\n",
    "        tmp[i] = 0\n",
    "    return tmp\n",
    "\n",
    "def cross_over(sol1, sol2):\n",
    "    n = len(sol1)\n",
    "    mask = np.random.random(len(sol1)) > 0.5\n",
    "    tmp = np.zeros(n)\n",
    "    tmp[mask] = sol1[mask]\n",
    "    tmp[~mask] = sol2[~mask]\n",
    "    return tmp\n",
    "\n",
    "def mutate(sol):\n",
    "    n = len(sol)\n",
    "    tmp = sol.copy()\n",
    "    i = np.random.randint(len(tmp))\n",
    "    tmp[i] = 1 if tmp[i]==0 else 0\n",
    "    return tmp\n",
    "\n",
    "def cost(sol):\n",
    "    return np.sum(v*sol)\n",
    " \n",
    "def gen_sol(n=30):\n",
    "    return np.random.randint(0,2, size=n)"
   ]
  },
  {
   "cell_type": "code",
   "execution_count": 22,
   "metadata": {},
   "outputs": [
    {
     "name": "stdout",
     "output_type": "stream",
     "text": [
      "#####0\n",
      "9.033219426664319\n",
      "[0 0 1 1 1 1 1 1 1 0 1 1 1 0 0 1 1 0 0 1 0 1 1 1 0 1 1 1 0 1]\n",
      "10.895548868940033\n",
      "#####1\n",
      "10.525334533759246\n",
      "[0. 1. 0. 1. 1. 1. 1. 1. 1. 1. 1. 1. 1. 1. 0. 1. 1. 1. 0. 1. 1. 0. 1. 1.\n",
      " 1. 1. 1. 1. 1. 0.]\n",
      "12.772375019939838\n",
      "#####2\n",
      "11.618102056643645\n",
      "[0. 1. 0. 1. 1. 1. 1. 1. 1. 1. 1. 1. 1. 1. 0. 1. 1. 1. 0. 1. 1. 0. 1. 1.\n",
      " 1. 1. 1. 1. 1. 0.]\n",
      "12.772375019939838\n",
      "#####3\n",
      "12.030832480956615\n",
      "[0. 1. 0. 1. 1. 1. 1. 1. 1. 1. 1. 1. 1. 1. 0. 1. 1. 1. 0. 1. 1. 0. 1. 1.\n",
      " 1. 1. 1. 1. 1. 0.]\n",
      "12.772375019939838\n",
      "#####4\n",
      "12.3701903595255\n",
      "[0. 1. 1. 1. 1. 1. 1. 1. 0. 1. 1. 1. 1. 1. 1. 0. 1. 0. 1. 1. 1. 0. 1. 1.\n",
      " 0. 1. 1. 1. 1. 1.]\n",
      "12.7907919144323\n",
      "#####5\n",
      "12.622569350984882\n",
      "[0. 1. 1. 1. 1. 1. 0. 1. 1. 1. 1. 1. 1. 1. 0. 1. 1. 1. 0. 1. 1. 0. 1. 1.\n",
      " 1. 1. 1. 1. 1. 1.]\n",
      "13.047042101266463\n",
      "#####6\n",
      "12.794492670082814\n",
      "[0. 1. 1. 1. 1. 1. 0. 1. 1. 1. 1. 1. 1. 0. 1. 1. 1. 0. 0. 1. 1. 0. 1. 1.\n",
      " 1. 1. 1. 1. 1. 1.]\n",
      "13.148311359506373\n",
      "#####7\n",
      "12.808610571872652\n",
      "[0. 1. 1. 1. 1. 1. 0. 1. 1. 1. 1. 1. 1. 0. 1. 1. 1. 0. 0. 1. 1. 0. 1. 1.\n",
      " 1. 1. 1. 1. 1. 1.]\n",
      "13.148311359506373\n",
      "#####8\n",
      "12.914052535115843\n",
      "[0. 1. 1. 1. 1. 1. 0. 1. 1. 1. 1. 1. 1. 1. 1. 0. 1. 1. 0. 1. 1. 0. 1. 1.\n",
      " 1. 1. 1. 1. 1. 1.]\n",
      "13.17599438536462\n",
      "#####9\n",
      "12.94609518543001\n",
      "[0. 1. 1. 1. 1. 1. 0. 1. 1. 1. 1. 1. 1. 1. 1. 0. 1. 1. 0. 1. 1. 0. 1. 1.\n",
      " 1. 1. 1. 1. 1. 1.]\n",
      "13.17599438536462\n",
      "#####10\n",
      "12.952164047475984\n",
      "[1. 1. 1. 1. 1. 1. 0. 1. 1. 1. 1. 1. 1. 1. 1. 1. 1. 0. 0. 1. 1. 0. 1. 1.\n",
      " 0. 1. 1. 1. 1. 1.]\n",
      "13.247709001123154\n",
      "#####11\n",
      "12.937727498256024\n",
      "[0. 1. 1. 1. 1. 1. 0. 1. 1. 1. 1. 1. 1. 1. 1. 1. 1. 0. 1. 1. 1. 0. 1. 1.\n",
      " 0. 1. 1. 1. 1. 1.]\n",
      "13.285160002275864\n",
      "#####12\n",
      "12.989050375369604\n",
      "[0. 1. 1. 1. 1. 1. 0. 1. 1. 1. 1. 1. 1. 1. 1. 1. 1. 0. 0. 1. 1. 0. 1. 1.\n",
      " 1. 1. 1. 1. 1. 1.]\n",
      "13.32975555811225\n",
      "#####13\n",
      "13.015091935514809\n",
      "[0. 1. 1. 1. 1. 1. 0. 1. 1. 1. 1. 1. 1. 1. 1. 1. 1. 0. 0. 1. 1. 0. 1. 1.\n",
      " 1. 1. 1. 1. 1. 1.]\n",
      "13.32975555811225\n",
      "#####14\n",
      "13.018655745956224\n",
      "[0. 1. 1. 1. 1. 1. 0. 1. 1. 1. 1. 1. 1. 1. 1. 1. 1. 0. 0. 1. 1. 0. 1. 1.\n",
      " 1. 1. 1. 1. 1. 1.]\n",
      "13.32975555811225\n",
      "#####15\n",
      "12.947562523436707\n",
      "[0. 1. 1. 1. 1. 1. 0. 1. 1. 1. 1. 1. 1. 1. 1. 1. 1. 0. 0. 1. 1. 0. 1. 1.\n",
      " 1. 1. 1. 1. 1. 1.]\n",
      "13.32975555811225\n",
      "#####16\n",
      "12.978545774947722\n",
      "[0. 1. 1. 1. 1. 1. 0. 1. 1. 1. 1. 1. 1. 1. 1. 1. 1. 0. 0. 1. 1. 0. 1. 1.\n",
      " 1. 1. 1. 1. 1. 1.]\n",
      "13.32975555811225\n",
      "#####17\n",
      "12.990094007044846\n",
      "[0. 1. 1. 1. 1. 1. 0. 1. 1. 1. 1. 1. 1. 1. 1. 1. 1. 0. 0. 1. 1. 0. 1. 1.\n",
      " 1. 1. 1. 1. 1. 1.]\n",
      "13.32975555811225\n",
      "#####18\n",
      "12.951034814473422\n",
      "[0. 1. 1. 1. 1. 1. 0. 1. 1. 1. 1. 1. 1. 1. 1. 1. 1. 0. 0. 1. 1. 0. 1. 1.\n",
      " 1. 1. 1. 1. 1. 1.]\n",
      "13.32975555811225\n",
      "#####19\n",
      "12.924364292178932\n",
      "[0. 1. 1. 1. 1. 1. 0. 1. 1. 1. 1. 1. 1. 1. 1. 1. 1. 0. 0. 1. 1. 0. 1. 1.\n",
      " 1. 1. 1. 1. 1. 1.]\n",
      "13.32975555811225\n",
      "#####20\n",
      "12.931071981578327\n",
      "[0. 1. 1. 1. 1. 1. 0. 1. 1. 1. 1. 1. 1. 1. 1. 1. 1. 0. 0. 1. 1. 0. 1. 1.\n",
      " 1. 1. 1. 1. 1. 1.]\n",
      "13.32975555811225\n",
      "#####21\n",
      "12.966071295588597\n",
      "[0. 1. 1. 1. 1. 1. 0. 1. 1. 1. 1. 1. 1. 1. 1. 1. 1. 0. 0. 1. 1. 0. 1. 1.\n",
      " 1. 1. 1. 1. 1. 1.]\n",
      "13.32975555811225\n",
      "#####22\n",
      "12.928479714075568\n",
      "[0. 1. 1. 1. 1. 1. 0. 1. 1. 1. 1. 1. 1. 1. 1. 1. 1. 0. 0. 1. 1. 0. 1. 1.\n",
      " 1. 1. 1. 1. 1. 1.]\n",
      "13.32975555811225\n",
      "#####23\n",
      "12.989684354085748\n",
      "[0. 1. 1. 1. 1. 1. 0. 1. 1. 1. 1. 1. 1. 1. 1. 1. 1. 0. 0. 1. 1. 0. 1. 1.\n",
      " 1. 1. 1. 1. 1. 1.]\n",
      "13.32975555811225\n",
      "#####24\n",
      "13.077424743574051\n",
      "[0. 1. 1. 1. 1. 1. 0. 1. 1. 1. 1. 1. 1. 1. 1. 1. 1. 0. 0. 1. 1. 0. 1. 1.\n",
      " 1. 1. 1. 1. 1. 1.]\n",
      "13.32975555811225\n",
      "#####25\n",
      "13.052092120184676\n",
      "[0. 1. 1. 1. 1. 1. 0. 1. 1. 1. 1. 1. 1. 1. 1. 1. 1. 0. 0. 1. 1. 0. 1. 1.\n",
      " 1. 1. 1. 1. 1. 1.]\n",
      "13.32975555811225\n",
      "#####26\n",
      "13.033856040303784\n",
      "[0. 1. 1. 1. 1. 1. 0. 1. 1. 1. 1. 1. 1. 1. 1. 1. 1. 0. 0. 1. 1. 0. 1. 1.\n",
      " 1. 1. 1. 1. 1. 1.]\n",
      "13.32975555811225\n",
      "#####27\n",
